---
  phone0:    1.4044898777310082
  phone1:    2.0924032872319103
  phone2:    6.569051914211265
  phone3:    1.508719182200842
  phone4:    0.7426337943475647
  phone5:    2.420725596311886
  phone6:    1.0787733012627783
  phone7:    0
  phone8:    2.1080376829023852
  phone9:    2.663058729204249
  phone10:    2.095009019843656
  phone11:    2.4467829224293443
  phone12:    1.211665664461816
  phone13:    0
  phone14:    1.143916616556424
  phone15:    1.196031268791341
  phone16:    3.783523752254961
  phone17:    3.1737823211064344
  phone18:    0.43255161354980953
  phone19:    2.207055522148727
  phone20:    3.687111645620365
  phone21:    0
  phone22:    0
  phone23:    0.6227700942072559
  phone24:    1.0527159751453197
  phone25:    0
  phone26:    1.8448586891160554
  phone27:    3.361395069152135
  phone28:    3.1164562036480254
  phone29:    0
  phone30:    5.620565243535779
  phone31:    0.6905191421126479
  phone32:    0.9041892162758067
  phone33:    1.8057726999398678
  phone34:    1.1595510122268993
  phone35:    0
  phone36:    1.2559631188614953
  phone37:    2.144517939466827
  phone38:    0.43255161354980953
